6,7, 7,6, 8,4
7,7, 5,5, 6,6, 4,4
4,8, 3,5, 4,6, 5,4, 5,5, 3,7, 3,4, 4,5, 6,6, 4,4, 6,3, 6,4, 7,4, 5,3, 2,6, 3,6, 5,2, 4,1, 7,5, 2,7, 1,8, 5,7, 8,5, 9,6, 4,7, 3,8, 3,9, 8,3, 7,6, 6,2, 7,1, 7,7, 5,6, 8,6, 4,3, 2,5, 0,5, 3,1, 2,0, 2,1, 5,1
-10,9, -10,8, -9,8, -9,9, -10,7, -9,7, -8,9, -8,8, -8,7, -10,6, -9,6, -7,9, -7,8
-8,-8, -6,-6, -4,-5, -7,-6
-2,-2, 1,1, -3,-3, 2,2, -2,-3, 2,1, -3,-2, 1,2, 2,0, -2,-4, 3,2, -1,-2, 1,3, -3,-1, 0,1, -4,-3, 0,-3
-8,-8, -6,-6, -4,-5, -6,-4
-2,7, -1,7, 0,7, -2,5, -1,5, 0,4
-9,-9, -9,-7, -7,-9, -7,-7, -5,-9, -9,-5, -6,-4
-8,6, -5,4, -7,7, -6,5
-1,9, 0,9, -2,9, 1,9, -3,9, 2,9, 3,7
-8,-8, -6,-6, -4,-5, -6,-7
